400 400 1

259 227
163 132
259 228
194 197
194 199
162 167
224 298
193 236
195 174
161 206
227 208
162 178
191 303
158 303
125 302
197 121
258 284
164 131
260 229
195 197
195 198
163 168
194 235
225 298
196 174
228 208
162 207
163 178
192 303
159 303
126 302
198 121
259 283
165 130
196 197
261 230
164 169
195 234
226 298
197 174
163 207
229 209
164 178
193 303
160 303
127 303
199 121
260 283
166 130
197 196
197 198
262 231
196 233
165 170
227 298
198 174
164 207
230 209
165 177
194 303
161 303
128 303
200 121
261 282
167 129
198 195
198 198
263 232
197 233
166 171
166 172
228 298
199 174
165 207
166 177
231 210
195 303
162 303
129 303
201 121
262 281
168 129
199 194
199 199
264 233
198 232
264 234
264 235
229 297
200 174
167 173
167 176
166 207
232 210
196 302
163 303
130 303
202 121
263 280
169 128
200 194
200 199
199 231
265 236
230 297
201 174
168 174
168 176
167 207
197 302
233 211
164 303
131 303
203 121
264 279
170 128
201 193
200 230
201 200
231 297
266 237
202 174
266 238
266 239
169 175
168 207
198 302
234 211
165 303
132 303
204 121
265 279
171 127
202 192
201 230
202 200
232 297
203 174
170 175
267 240
169 207
170 176
170 177
199 302
235 211
166 303
133 303
205 121
266 278
172 127
203 191
202 229
203 201
233 297
204 175
171 174
170 207
268 241
268 242
200 302
171 178
268 243
236 212
167 303
267 276
134 303
267 277
206 121
173 126
204 190
203 228
204 201
234 296
205 175
172 174
171 207
201 302
172 179
237 212
269 244
268 275
168 303
269 245
135 303
269 246
207 121
205 189
174 126
204 228
205 201
235 296
206 175
173 174
172 207
202 302
269 274
238 212
169 303
173 180
136 303
208 121
270 247
270 248
206 188
175 125
205 227
236 295
206 202
174 174
207 176
173 207
270 272
270 273
203 302
170 303
239 213
137 303
174 181
209 121
271 249
207 186
271 250
207 187
176 125
206 226
237 295
207 202
175 174
208 176
271 271
174 207
204 302
171 303
240 213
138 303
210 121
175 182
208 184
208 185
177 124
272 251
272 252
272 253
272 254
207 225
238 294
208 202
176 174
272 270
209 176
175 207
205 302
172 303
139 303
209 182
241 214
209 183
211 122
176 183
178 124
273 255
273 256
208 224
273 257
273 258
273 259
273 260
273 261
273 262
273 263
273 264
239 294
273 265
273 266
209 203
273 267
273 268
273 269
177 174
210 176
176 207
206 302
173 303
210 181
140 303
242 215
212 122
177 183
179 124
209 224
144 192
144 193
144 194
144 195
144 196
144 197
144 198
240 294
210 203
178 174
211 176
177 207
207 302
211 180
174 303
141 303
243 215
213 122
178 184
180 123
178 185
210 223
145 190
145 191
241 293
145 199
211 203
179 174
212 176
178 207
212 178
208 302
212 179
175 303
142 303
244 215
214 123
177 247
181 123
179 186
211 222
146 189
242 293
146 200
212 204
180 174
213 176
179 207
213 177
209 302
110 300
176 303
143 303
245 215
178 246
215 124
182 123
180 187
147 187
212 221
147 188
243 293
147 201
213 204
214 174
181 174
214 175
214 176
180 207
210 302
111 299
111 300
177 303
144 303
246 216
179 246
183 122
216 124
213 219
148 186
213 220
181 188
244 292
215 168
215 169
215 170
215 171
215 172
148 202
215 173
214 204
182 174
215 177
181 207
211 301
112 300
178 303
145 303
180 245
184 122
247 217
214 218
149 185
217 125
182 189
216 163
216 164
216 165
216 166
216 167
245 292
149 202
215 205
183 174
182 206
212 301
216 178
179 303
113 301
146 303
181 245
185 122
248 217
215 217
150 184
218 125
217 158
217 159
183 189
217 160
217 161
217 162
246 292
150 203
216 205
184 174
183 206
213 301
217 178
180 303
114 301
147 303
182 244
216 215
218 153
186 121
216 216
218 154
151 184
218 155
249 218
218 156
218 157
219 126
219 127
184 190
247 291
151 203
217 205
185 174
184 205
214 301
218 179
181 303
219 150
148 303
115 302
183 243
217 213
219 151
217 214
219 152
187 121
152 183
250 218
220 128
220 129
220 130
185 191
220 131
220 132
220 133
220 134
220 135
248 291
220 136
220 137
220 138
220 139
220 140
220 141
220 142
220 143
218 205
186 174
152 204
185 205
220 144
220 145
215 300
220 146
220 147
218 210
219 179
220 148
218 211
220 149
182 303
218 212
149 303
116 302
184 243
153 182
188 121
251 219
186 191
249 290
186 204
187 174
153 204
219 206
216 300
219 208
219 209
220 179
183 303
185 242
150 303
117 302
154 182
189 121
252 220
187 192
250 290
187 204
220 206
188 174
220 207
154 205
156 143
217 300
156 144
156 145
156 146
186 241
221 180
156 147
184 303
156 148
151 303
118 302
156 149
155 181
156 150
190 121
156 151
156 152
156 153
156 154
156 155
156 156
253 221
156 157
188 193
251 290
221 204
188 203
221 205
189 174
157 142
221 206
155 205
218 300
187 241
222 180
185 303
152 303
119 302
156 181
191 121
254 222
157 158
157 159
189 194
252 289
222 201
158 137
222 202
158 138
222 203
158 139
189 203
158 140
158 141
190 174
222 206
219 300
156 206
188 240
186 303
223 181
153 303
120 302
223 182
157 180
192 121
255 223
158 160
158 161
253 288
158 162
190 195
223 197
223 198
223 199
223 200
159 136
190 202
191 174
220 299
223 207
157 206
189 239
187 303
154 303
121 302
158 180
224 183
193 121
224 192
256 224
224 193
254 287
224 194
224 195
224 196
159 163
191 196
160 135
191 201
192 174
221 299
224 207
158 206
190 239
188 303
159 179
155 303
122 302
225 184
194 121
225 185
225 186
225 187
225 188
225 189
225 190
225 191
257 225
255 287
160 164
192 196
161 134
192 200
193 174
222 299
225 207
191 238
159 206
160 178
189 303
156 303
123 302
195 121
256 286
258 226
162 133
161 165
193 197
161 166
193 200
194 174
223 299
192 237
160 206
226 208
161 178
190 303
157 303
124 302
196 121
257 285